a = 0.00005;