V=Ge(40201:80000)';
Ge(40201:80000)=[];
Ge=[Ge' V];

V=Sp(40201:80000)';
Sp(40201:80000)=[];
Sp=[Sp' V];
